timestamp_ms,recv_timestamp_ms,pitch,roll,yaw,flex1,flex2,flex3,flex4,flex5,sampling_hz,accel_x,accel_y,accel_z
102556,1755608268208,73.46,-50.87,-15.53,791,791,838,380,881,50.0,-0.963,-0.227,0.178
102586,1755608268210,73.44,-50.89,-15.55,791,772,836,364,888,33.333333333333336,-0.961,-0.226,0.179
102606,1755608268212,73.44,-50.9,-15.55,788,769,840,398,882,50.0,-0.963,-0.227,0.181
102636,1755608268214,73.44,-50.9,-15.54,788,776,840,382,877,33.333333333333336,-0.962,-0.228,0.182
102656,1755608268216,73.45,-50.9,-15.54,790,770,838,413,889,50.0,-0.959,-0.227,0.18
102676,1755608268218,73.44,-50.93,-15.55,790,772,842,383,881,50.0,-0.961,-0.228,0.178
102706,1755608268219,73.41,-50.95,-15.54,787,775,838,380,881,33.333333333333336,-0.96,-0.228,0.178
102736,1755608268221,73.42,-50.98,-15.54,792,776,841,362,883,33.333333333333336,-0.961,-0.226,0.18
102766,1755608268223,73.4,-50.97,-15.54,790,773,841,328,882,33.333333333333336,-0.962,-0.226,0.182
102796,1755608268225,73.41,-50.96,-15.53,792,772,835,349,879,33.333333333333336,-0.961,-0.228,0.182
102826,1755608268227,73.42,-50.96,-15.52,791,770,838,406,877,33.333333333333336,-0.959,-0.227,0.18
102846,1755608268229,73.41,-50.98,-15.52,792,771,835,349,879,50.0,-0.959,-0.227,0.178
102866,1755608268231,73.39,-50.99,-15.53,791,777,838,368,884,50.0,-0.961,-0.226,0.176
102896,1755608268233,73.38,-51.03,-15.52,789,773,838,327,880,33.333333333333336,-0.961,-0.227,0.178
102926,1755608268235,73.38,-51.04,-15.53,792,772,837,385,881,33.333333333333336,-0.96,-0.226,0.18
102947,1755608268237,73.36,-51.03,-15.53,792,764,839,345,882,47.61904761904762,-0.961,-0.227,0.181
102977,1755608268239,73.37,-51.03,-15.52,783,769,840,388,878,33.333333333333336,-0.961,-0.227,0.18
103007,1755608268242,73.36,-51.04,-15.52,784,776,834,417,877,33.333333333333336,-0.96,-0.227,0.178
103036,1755608268244,73.33,-51.04,-15.51,801,766,838,390,882,34.48275862068966,-0.96,-0.227,0.178
103066,1755608268247,73.32,-51.08,-15.52,792,776,838,356,875,33.333333333333336,-0.96,-0.227,0.179
103086,1755608268249,73.33,-51.07,-15.53,792,774,841,428,883,50.0,-0.961,-0.226,0.18
103116,1755608268251,73.35,-51.07,-15.53,784,771,837,320,872,33.333333333333336,-0.961,-0.227,0.181
103136,1755608268253,73.37,-51.07,-15.52,790,778,836,409,881,50.0,-0.961,-0.228,0.181
103166,1755608268255,73.34,-51.09,-15.52,789,772,842,352,906,33.333333333333336,-0.96,-0.228,0.18
103196,1755608268258,73.39,-51.11,-15.53,793,773,840,365,885,33.333333333333336,-0.961,-0.228,0.18
103226,1755608268260,73.37,-51.12,-15.51,791,776,837,395,883,33.333333333333336,-0.96,-0.228,0.181
103256,1755608268261,73.43,-51.13,-15.53,790,777,831,406,880,33.333333333333336,-0.96,-0.229,0.181
103286,1755608268263,73.42,-51.1,-15.52,790,772,845,365,885,33.333333333333336,-0.96,-0.227,0.182
103315,1755608268266,73.47,-51.07,-15.53,788,776,838,337,881,34.48275862068966,-0.961,-0.225,0.181
103345,1755608268267,73.47,-51.05,-15.53,790,767,835,360,884,33.333333333333336,-0.959,-0.224,0.178
103375,1755608268269,73.4,-51.04,-15.55,790,766,838,425,876,33.333333333333336,-0.96,-0.225,0.176
103405,1755608268272,73.35,-51.04,-15.55,793,770,839,418,881,33.333333333333336,-0.961,-0.227,0.176
103435,1755608268274,73.38,-51.06,-15.56,789,774,839,371,882,33.333333333333336,-0.96,-0.229,0.178
103465,1755608268276,73.36,-51.06,-15.55,789,775,843,327,877,33.333333333333336,-0.961,-0.229,0.179
103495,1755608268278,73.42,-51.07,-15.56,787,773,840,361,882,33.333333333333336,-0.961,-0.227,0.179
103525,1755608268280,73.41,-51.06,-15.55,790,777,832,428,879,33.333333333333336,-0.959,-0.228,0.176
103555,1755608268282,73.38,-51.52,-15.56,792,773,844,410,883,33.333333333333336,-0.96,-0.228,0.175
103584,1755608268284,73.37,-51.56,-15.57,790,768,834,371,881,34.48275862068966,-0.961,-0.229,0.176
103614,1755608268286,73.36,-51.56,-15.56,803,767,838,343,884,33.333333333333336,-0.96,-0.228,0.177
103644,1755608268288,73.32,-51.57,-15.54,791,769,835,366,882,33.333333333333336,-0.96,-0.228,0.178
103674,1755608268291,73.32,-51.59,-15.54,793,772,836,418,878,33.333333333333336,-0.961,-0.229,0.178
103694,1755608268293,73.32,-51.59,-15.53,789,772,839,356,882,50.0,-0.962,-0.23,0.179
103724,1755608268294,73.33,-51.59,-15.52,789,774,840,404,878,33.333333333333336,-0.96,-0.229,0.18
103745,1755608268297,73.33,-51.58,-15.51,787,775,840,343,882,47.61904761904762,-0.96,-0.228,0.179
103765,1755608268298,73.31,-51.58,-15.51,789,771,840,344,878,50.0,-0.96,-0.228,0.178
103795,1755608268300,73.31,-51.59,-15.51,790,772,840,338,886,33.333333333333336,-0.96,-0.227,0.178
103815,1755608268302,73.33,-51.6,-15.51,789,773,836,331,881,50.0,-0.962,-0.227,0.18
103835,1755608268304,73.31,-51.59,-15.5,789,775,850,398,883,50.0,-0.96,-0.227,0.18
103865,1755608268306,73.31,-51.59,-15.5,791,772,844,355,880,33.333333333333336,-0.96,-0.227,0.18
103895,1755608268308,73.32,-51.6,-15.51,792,776,836,371,882,33.333333333333336,-0.96,-0.227,0.181
103925,1755608268310,73.37,-51.55,-15.51,787,779,842,426,880,33.333333333333336,-0.96,-0.227,0.181
103954,1755608268312,73.36,-51.56,-15.54,785,773,837,420,882,34.48275862068966,-0.961,-0.226,0.18
103984,1755608268314,73.37,-51.56,-15.56,790,771,839,366,884,33.333333333333336,-0.959,-0.226,0.178
104014,1755608268316,73.39,-51.63,-15.61,791,775,837,335,883,33.333333333333336,-0.957,-0.229,0.181
104044,1755608268318,73.26,-51.39,-15.58,793,772,838,377,878,33.333333333333336,-0.958,-0.23,0.189
104064,1755608268320,73.05,-51.1,-15.66,787,768,836,356,880,50.0,-0.94,-0.229,0.188
104094,1755608268322,73.52,-50.9,-16.14,790,776,835,387,885,33.333333333333336,-0.953,-0.228,0.186
104124,1755608268324,73.63,-50.87,-16.24,793,769,833,404,878,33.333333333333336,-0.964,-0.235,0.179
104154,1755608268326,73.65,-50.67,-16.14,792,771,828,393,875,33.333333333333336,-0.971,-0.241,0.172
104184,1755608268328,73.63,-50.62,-16.01,795,769,827,339,874,33.333333333333336,-0.97,-0.241,0.18
104214,1755608268331,73.64,-50.38,-15.85,792,777,821,342,871,33.333333333333336,-0.962,-0.237,0.18
104243,1755608268333,73.79,-50.42,-15.85,791,774,822,384,870,34.48275862068966,-0.961,-0.234,0.179
104273,1755608268335,74.13,-50.52,-15.98,790,770,819,404,868,33.333333333333336,-0.963,-0.235,0.176
104303,1755608268337,74.34,-50.42,-15.94,796,774,817,394,865,33.333333333333336,-0.965,-0.237,0.175
104333,1755608268340,74.3,-50.57,-15.93,793,772,816,348,860,33.333333333333336,-0.961,-0.236,0.16
104353,1755608268342,74.39,-50.88,-16.01,794,773,819,403,864,50.0,-0.962,-0.238,0.152
104383,1755608268344,74.34,-51.28,-15.97,790,777,819,337,860,33.333333333333336,-0.965,-0.239,0.154
104403,1755608268345,74.34,-51.41,-15.94,792,775,816,399,864,50.0,-0.966,-0.235,0.16
104433,1755608268347,74.31,-51.52,-15.95,792,771,815,347,866,33.333333333333336,-0.961,-0.234,0.166
104463,1755608268350,74.35,-51.6,-15.98,789,768,810,360,864,33.333333333333336,-0.963,-0.237,0.17
104493,1755608268351,74.27,-51.57,-15.91,791,768,815,399,864,33.333333333333336,-0.965,-0.239,0.168
104523,1755608268353,74.26,-51.48,-15.85,798,774,818,401,864,33.333333333333336,-0.963,-0.24,0.165
104553,1755608268355,74.23,-51.51,-15.78,792,770,810,389,860,33.333333333333336,-0.962,-0.236,0.158
104582,1755608268358,74.2,-51.64,-15.74,792,773,810,339,861,34.48275862068966,-0.961,-0.238,0.159
104603,1755608268360,74.19,-51.68,-15.71,799,771,812,406,866,47.61904761904762,-0.961,-0.236,0.161
104623,1755608268362,74.22,-51.69,-15.68,796,773,815,401,857,50.0,-0.963,-0.234,0.165
104653,1755608268365,74.2,-51.58,-15.62,798,781,812,393,871,33.333333333333336,-0.96,-0.23,0.166
104683,1755608268367,74.22,-51.5,-15.63,789,774,807,348,859,33.333333333333336,-0.961,-0.229,0.166
104713,1755608268369,74.16,-51.5,-15.59,793,777,811,351,858,33.333333333333336,-0.964,-0.23,0.162
104743,1755608268371,74.14,-51.52,-15.56,795,770,814,352,856,33.333333333333336,-0.96,-0.229,0.158
104772,1755608268373,74.2,-51.61,-15.62,795,772,815,398,858,34.48275862068966,-0.96,-0.229,0.159
104793,1755608268375,74.22,-51.71,-15.66,789,771,809,360,859,47.61904761904762,-0.961,-0.229,0.161
104822,1755608268377,74.19,-51.69,-15.67,792,778,811,388,867,34.48275862068966,-0.963,-0.229,0.163
104852,1755608268379,74.17,-51.65,-15.63,791,768,808,359,862,33.333333333333336,-0.965,-0.229,0.165
104882,1755608268381,74.2,-51.66,-15.61,793,774,816,330,863,33.333333333333336,-0.963,-0.228,0.163
104902,1755608268383,74.23,-51.72,-15.63,792,768,808,409,848,50.0,-0.962,-0.228,0.161
104922,1755608268385,74.24,-51.79,-15.63,792,777,813,406,856,50.0,-0.964,-0.229,0.161
104942,1755608268387,74.21,-51.81,-15.59,789,778,816,368,858,50.0,-0.964,-0.229,0.163
104972,1755608268389,74.21,-51.73,-15.55,791,776,813,389,860,33.333333333333336,-0.963,-0.227,0.164
105002,1755608268411,74.25,-51.72,-15.54,791,774,813,370,858,33.333333333333336,-0.964,-0.226,0.163
105032,1755608268440,74.24,-51.81,-15.55,791,777,806,332,859,33.333333333333336,-0.963,-0.228,0.161
105062,1755608268470,74.26,-51.82,-15.56,791,775,813,348,860,33.333333333333336,-0.964,-0.228,0.16
105082,1755608268490,74.25,-51.85,-15.55,794,777,809,365,860,50.0,-0.965,-0.227,0.161
105112,1755608268520,74.2,-51.86,-15.52,790,774,808,372,862,33.333333333333336,-0.966,-0.228,0.163
105132,1755608268540,74.18,-51.84,-15.49,791,768,816,359,861,50.0,-0.967,-0.228,0.166
105162,1755608268570,74.18,-51.81,-15.47,790,765,812,370,861,33.333333333333336,-0.965,-0.226,0.164
105191,1755608268600,74.24,-51.85,-15.5,793,774,805,403,858,34.48275862068966,-0.963,-0.225,0.16
105212,1755608268620,74.25,-51.94,-15.51,792,780,810,349,862,47.61904761904762,-0.965,-0.226,0.159
105241,1755608268650,74.16,-51.92,-15.51,795,778,810,407,858,34.48275862068966,-0.964,-0.224,0.16
105262,1755608268670,74.15,-51.98,-15.53,790,775,808,338,858,47.61904761904762,-0.964,-0.223,0.162
105291,1755608268700,74.13,-52.08,-15.54,793,773,815,410,859,34.48275862068966,-0.964,-0.223,0.163
105312,1755608268720,74.11,-52.16,-15.54,794,778,811,338,860,47.61904761904762,-0.964,-0.225,0.164
105332,1755608268740,74.13,-52.21,-15.56,792,775,809,362,859,50.0,-0.964,-0.225,0.164
105352,1755608268760,74.17,-52.24,-15.57,791,773,804,412,865,50.0,-0.965,-0.225,0.166
105372,1755608268780,74.16,-52.24,-15.56,789,774,807,430,855,50.0,-0.964,-0.224,0.166
105402,1755608268810,74.15,-52.21,-15.56,794,768,803,380,859,33.333333333333336,-0.964,-0.222,0.164
105422,1755608268830,74.14,-52.24,-15.57,788,774,811,411,859,50.0,-0.964,-0.222,0.163
105452,1755608268861,74.15,-52.28,-15.58,793,776,810,363,858,33.333333333333336,-0.964,-0.224,0.164
105472,1755608268880,74.15,-52.33,-15.59,788,773,813,412,860,50.0,-0.963,-0.226,0.165
105502,1755608268910,74.14,-52.32,-15.58,789,773,810,379,859,33.333333333333336,-0.964,-0.226,0.166
105532,1755608268940,74.15,-52.26,-15.56,793,772,807,334,856,33.333333333333336,-0.965,-0.225,0.166
105561,1755608268970,74.13,-52.26,-15.55,789,773,807,353,860,34.48275862068966,-0.964,-0.225,0.164
105591,1755608269000,74.15,-52.34,-15.58,790,770,810,416,851,33.333333333333336,-0.963,-0.226,0.162
105621,1755608269029,74.16,-52.38,-15.58,784,764,807,395,858,33.333333333333336,-0.966,-0.226,0.163
105651,1755608269060,74.03,-52.32,-15.52,793,773,807,359,863,33.333333333333336,-0.962,-0.225,0.164
105671,1755608269080,73.99,-52.34,-15.53,789,778,814,406,860,50.0,-0.959,-0.224,0.162
105701,1755608269110,74.04,-52.35,-15.56,791,777,805,365,863,33.333333333333336,-0.963,-0.223,0.164
105721,1755608269130,74.05,-52.39,-15.56,793,774,810,411,860,50.0,-0.963,-0.223,0.165
105741,1755608269150,74.08,-52.4,-15.57,792,778,813,375,857,50.0,-0.964,-0.224,0.165
105771,1755608269180,74.0,-52.44,-15.56,791,768,803,397,860,33.333333333333336,-0.963,-0.226,0.163
105801,1755608269210,74.04,-52.51,-15.57,787,775,817,355,850,33.333333333333336,-0.965,-0.227,0.163
105821,1755608269230,74.05,-52.53,-15.56,795,773,815,399,864,50.0,-0.965,-0.227,0.166
105851,1755608269260,74.11,-52.51,-15.55,795,776,814,356,856,33.333333333333336,-0.965,-0.225,0.168
105871,1755608269279,74.09,-52.48,-15.54,788,770,816,414,860,50.0,-0.963,-0.224,0.168
105901,1755608269309,74.07,-52.51,-15.54,792,772,812,356,858,33.333333333333336,-0.964,-0.224,0.165
105931,1755608269339,74.03,-52.54,-15.53,790,771,811,339,851,33.333333333333336,-0.964,-0.226,0.164
105961,1755608269369,74.08,-52.56,-15.52,786,775,809,367,856,33.333333333333336,-0.964,-0.227,0.165
105981,1755608269389,74.08,-52.57,-15.51,792,777,810,357,857,50.0,-0.963,-0.224,0.166
106001,1755608269409,74.06,-52.6,-15.5,794,771,807,397,860,50.0,-0.963,-0.223,0.167
106031,1755608269439,74.07,-52.6,-15.5,793,772,810,359,855,33.333333333333336,-0.964,-0.224,0.167
106060,1755608269469,74.07,-52.59,-15.49,792,772,809,385,855,34.48275862068966,-0.962,-0.224,0.165
106090,1755608269499,74.04,-52.58,-15.47,789,774,813,416,854,33.333333333333336,-0.964,-0.224,0.165
106110,1755608269519,74.03,-52.57,-15.46,791,774,810,350,854,50.0,-0.966,-0.224,0.165
106140,1755608269549,74.03,-52.6,-15.47,795,771,808,412,856,33.333333333333336,-0.964,-0.222,0.164
106170,1755608269578,74.04,-52.61,-15.48,795,776,801,409,857,33.333333333333336,-0.965,-0.221,0.165
106200,1755608269608,74.0,-52.6,-15.46,793,776,807,352,856,33.333333333333336,-0.965,-0.224,0.167
106230,1755608269638,74.04,-52.59,-15.47,793,770,811,340,855,33.333333333333336,-0.965,-0.224,0.168
106250,1755608269658,74.03,-52.59,-15.45,792,775,810,362,856,50.0,-0.965,-0.224,0.169
106280,1755608269688,74.05,-52.58,-15.44,792,767,812,362,858,33.333333333333336,-0.965,-0.224,0.167
106309,1755608269718,74.1,-52.61,-15.45,790,776,809,397,859,34.48275862068966,-0.964,-0.222,0.166
106339,1755608269748,74.12,-52.65,-15.47,789,775,810,419,880,33.333333333333336,-0.966,-0.223,0.165
106369,1755608269778,74.07,-52.66,-15.46,790,771,810,399,856,33.333333333333336,-0.965,-0.223,0.165
106399,1755608269808,74.14,-52.7,-15.49,793,775,812,340,859,33.333333333333336,-0.965,-0.222,0.165
106429,1755608269838,74.12,-52.72,-15.49,792,778,809,354,859,33.333333333333336,-0.964,-0.223,0.165
106449,1755608269857,74.11,-52.73,-15.5,794,775,810,362,857,50.0,-0.965,-0.222,0.164
106479,1755608269888,74.09,-52.76,-15.5,790,772,808,377,869,33.333333333333336,-0.965,-0.222,0.164
106499,1755608269907,74.08,-52.8,-15.5,787,772,812,380,855,50.0,-0.965,-0.223,0.164
106529,1755608269938,74.06,-52.82,-15.51,791,774,810,366,859,33.333333333333336,-0.964,-0.224,0.165
106550,1755608269958,74.07,-52.83,-15.52,788,777,816,397,857,47.61904761904762,-0.965,-0.224,0.167
106580,1755608269988,74.09,-52.83,-15.52,788,771,807,333,857,33.333333333333336,-0.965,-0.224,0.166
106609,1755608270018,74.07,-52.85,-15.5,792,775,811,385,855,34.48275862068966,-0.963,-0.225,0.163
106639,1755608270048,74.1,-52.9,-15.52,788,773,806,405,894,33.333333333333336,-0.963,-0.224,0.163
106659,1755608270068,74.12,-52.91,-15.54,792,770,808,359,854,50.0,-0.965,-0.222,0.164
106680,1755608270088,74.11,-52.94,-15.54,790,773,808,330,859,47.61904761904762,-0.964,-0.222,0.165
106709,1755608270118,74.13,-52.93,-15.55,793,774,805,393,856,34.48275862068966,-0.966,-0.223,0.166
106730,1755608270138,74.1,-52.92,-15.53,792,768,809,340,867,47.61904761904762,-0.965,-0.223,0.166
106759,1755608270168,74.13,-52.94,-15.57,794,777,808,399,856,34.48275862068966,-0.965,-0.224,0.165
106780,1755608270188,74.15,-52.96,-15.58,791,778,827,351,859,47.61904761904762,-0.966,-0.224,0.164
106800,1755608270208,74.12,-52.99,-15.57,788,776,810,385,857,50.0,-0.966,-0.226,0.164
106830,1755608270238,74.14,-52.97,-15.57,795,772,805,371,862,33.333333333333336,-0.965,-0.226,0.165
106859,1755608270268,74.11,-52.98,-15.57,790,773,813,411,852,34.48275862068966,-0.966,-0.225,0.165
106889,1755608270299,74.12,-52.97,-15.57,789,776,807,428,859,33.333333333333336,-0.965,-0.224,0.164
106910,1755608270318,74.13,-52.99,-15.58,793,771,811,358,857,47.61904761904762,-0.965,-0.226,0.164
106940,1755608270348,74.15,-52.99,-15.57,788,774,808,393,861,33.333333333333336,-0.964,-0.227,0.164
106970,1755608270378,74.08,-52.98,-15.54,791,770,809,374,857,33.333333333333336,-0.963,-0.226,0.162
106990,1755608270398,74.1,-53.02,-15.55,792,775,812,386,858,50.0,-0.963,-0.226,0.16
107020,1755608270428,74.09,-53.05,-15.55,793,772,803,387,856,33.333333333333336,-0.963,-0.224,0.162
107049,1755608270458,74.09,-53.06,-15.54,791,773,812,339,874,34.48275862068966,-0.965,-0.225,0.163
107079,1755608270488,74.05,-53.08,-15.53,791,773,803,337,859,33.333333333333336,-0.964,-0.225,0.163
107109,1755608270518,74.1,-53.08,-15.54,790,777,811,380,858,33.333333333333336,-0.964,-0.226,0.164
107139,1755608270548,74.1,-53.09,-15.53,789,767,808,401,855,33.333333333333336,-0.965,-0.226,0.163
107159,1755608270568,74.1,-53.09,-15.53,793,767,809,371,862,50.0,-0.965,-0.225,0.162
107189,1755608270598,74.07,-53.13,-15.53,789,777,804,395,856,33.333333333333336,-0.964,-0.224,0.161
107209,1755608270618,74.09,-53.16,-15.54,792,778,805,358,856,50.0,-0.966,-0.224,0.163
107239,1755608270647,74.07,-53.18,-15.54,790,774,808,397,859,33.333333333333336,-0.964,-0.224,0.164
107269,1755608270677,74.08,-53.15,-15.54,791,773,808,391,857,33.333333333333336,-0.965,-0.224,0.163
107299,1755608270707,74.04,-53.17,-15.53,793,773,810,332,860,33.333333333333336,-0.964,-0.224,0.162
107319,1755608270727,74.06,-53.2,-15.55,792,773,808,405,858,50.0,-0.964,-0.226,0.161
107349,1755608270757,74.03,-53.19,-15.53,790,773,802,351,856,33.333333333333336,-0.964,-0.225,0.163
107378,1755608270787,74.0,-53.18,-15.53,791,773,809,347,856,34.48275862068966,-0.965,-0.225,0.163
107408,1755608270817,74.02,-53.18,-15.54,791,773,810,394,859,33.333333333333336,-0.964,-0.225,0.164
107438,1755608270847,74.09,-53.18,-15.53,791,776,809,410,855,33.333333333333336,-0.964,-0.224,0.165
107468,1755608270877,74.05,-53.18,-15.54,791,773,810,381,851,33.333333333333336,-0.963,-0.225,0.163
107498,1755608270906,74.1,-53.19,-15.55,789,772,811,346,856,33.333333333333336,-0.965,-0.225,0.163
107528,1755608270936,74.1,-53.22,-15.55,789,777,808,346,863,33.333333333333336,-0.964,-0.224,0.163
107558,1755608270966,74.08,-53.18,-15.54,787,774,810,418,859,33.333333333333336,-0.965,-0.223,0.162
107587,1755608270996,74.04,-53.27,-15.55,788,778,814,421,853,34.48275862068966,-0.964,-0.222,0.16
107617,1755608271026,74.05,-53.32,-15.57,791,777,811,361,870,33.333333333333336,-0.964,-0.225,0.163
107647,1755608271056,74.02,-53.29,-15.56,791,773,811,333,857,33.333333333333336,-0.965,-0.228,0.167
107677,1755608271085,74.08,-53.25,-15.55,794,774,808,365,859,33.333333333333336,-0.965,-0.228,0.169
107707,1755608271115,74.08,-53.21,-15.51,786,770,811,414,861,33.333333333333336,-0.963,-0.228,0.165
107736,1755608271145,74.08,-53.2,-15.49,791,778,813,384,854,34.48275862068966,-0.963,-0.226,0.161
107757,1755608271165,74.08,-53.23,-15.48,791,775,813,371,861,47.61904761904762,-0.964,-0.224,0.158
107787,1755608271195,74.07,-53.27,-15.49,790,776,809,392,855,33.333333333333336,-0.964,-0.224,0.16
107816,1755608271225,74.07,-53.28,-15.5,789,775,813,338,860,34.48275862068966,-0.965,-0.226,0.163
107846,1755608271255,74.1,-53.27,-15.49,789,776,807,339,856,33.333333333333336,-0.966,-0.228,0.165
107876,1755608271285,74.16,-53.28,-15.47,792,773,810,383,858,33.333333333333336,-0.965,-0.227,0.165
107896,1755608271305,74.18,-53.27,-15.47,789,773,806,342,857,50.0,-0.963,-0.223,0.163
107926,1755608271335,74.19,-53.26,-15.48,792,776,807,378,856,33.333333333333336,-0.963,-0.22,0.16
107946,1755608271355,74.16,-53.28,-15.48,789,770,811,334,855,50.0,-0.965,-0.219,0.157
107976,1755608271385,74.14,-53.33,-15.49,793,771,810,385,855,33.333333333333336,-0.966,-0.221,0.157
107997,1755608271405,74.13,-53.38,-15.49,792,769,810,368,856,47.61904761904762,-0.964,-0.223,0.16
108026,1755608271435,74.1,-53.37,-15.49,793,771,809,384,854,34.48275862068966,-0.964,-0.224,0.164
108047,1755608271455,74.09,-53.35,-15.5,787,777,811,349,852,47.61904761904762,-0.965,-0.225,0.166
108067,1755608271475,74.13,-53.35,-15.5,787,774,807,396,856,50.0,-0.967,-0.227,0.166
108097,1755608271505,74.19,-53.33,-15.48,788,773,809,348,850,33.333333333333336,-0.965,-0.226,0.165
108127,1755608271535,74.13,-53.29,-15.46,794,778,809,384,854,33.333333333333336,-0.964,-0.222,0.162
108147,1755608271555,74.1,-53.3,-15.47,791,774,806,360,854,50.0,-0.963,-0.22,0.158
108167,1755608271575,74.11,-53.34,-15.49,788,773,806,403,858,50.0,-0.965,-0.222,0.157
108187,1755608271595,74.12,-53.39,-15.5,791,767,807,442,860,50.0,-0.966,-0.223,0.157
108217,1755608271625,74.1,-53.41,-15.51,793,773,798,368,862,33.333333333333336,-0.966,-0.225,0.161
108237,1755608271645,74.08,-53.4,-15.51,791,769,805,414,852,50.0,-0.964,-0.225,0.164
108266,1755608271676,74.1,-53.41,-15.54,791,774,805,352,857,34.48275862068966,-0.966,-0.225,0.165
108287,1755608271696,74.13,-53.41,-15.54,789,764,805,418,857,47.61904761904762,-0.965,-0.225,0.164
108317,1755608271725,74.14,-53.39,-15.53,789,774,811,348,862,33.333333333333336,-0.965,-0.228,0.164
108347,1755608271755,74.11,-53.38,-15.5,790,775,810,349,852,33.333333333333336,-0.966,-0.229,0.162
108377,1755608271785,74.18,-53.41,-15.51,793,772,809,375,860,33.333333333333336,-0.966,-0.225,0.16
108406,1755608271815,74.16,-53.43,-15.51,792,773,804,412,857,34.48275862068966,-0.964,-0.222,0.162
108436,1755608271845,74.11,-53.4,-15.51,791,776,807,402,856,33.333333333333336,-0.965,-0.223,0.162
108466,1755608271875,74.1,-53.44,-15.51,793,773,802,341,855,33.333333333333336,-0.965,-0.227,0.161
108486,1755608271895,74.13,-53.49,-15.51,793,772,824,410,857,50.0,-0.966,-0.229,0.161
108516,1755608271925,74.12,-53.48,-15.5,790,775,808,338,858,33.333333333333336,-0.964,-0.227,0.162
108546,1755608271955,74.11,-53.44,-15.5,791,772,807,330,851,33.333333333333336,-0.964,-0.224,0.16
108576,1755608271984,74.11,-53.45,-15.49,790,772,810,367,863,33.333333333333336,-0.965,-0.224,0.161
108606,1755608272014,74.07,-53.47,-15.46,791,773,809,409,857,33.333333333333336,-0.966,-0.226,0.161
108636,1755608272044,74.05,-53.47,-15.46,791,774,816,396,858,33.333333333333336,-0.963,-0.227,0.159
108656,1755608272064,74.08,-53.53,-15.48,789,774,809,391,854,50.0,-0.964,-0.226,0.16
108686,1755608272094,74.07,-53.5,-15.46,790,774,804,376,849,33.333333333333336,-0.965,-0.224,0.161
108706,1755608272114,74.05,-53.51,-15.45,790,771,808,384,851,50.0,-0.963,-0.223,0.161
108735,1755608272144,74.06,-53.53,-15.46,792,776,811,334,860,34.48275862068966,-0.963,-0.224,0.162
108765,1755608272174,74.1,-53.51,-15.47,793,773,808,328,855,33.333333333333336,-0.964,-0.225,0.164
108795,1755608272204,74.13,-53.48,-15.47,790,772,812,333,862,33.333333333333336,-0.964,-0.224,0.163
108825,1755608272234,74.13,-53.5,-15.49,786,769,808,389,859,33.333333333333336,-0.965,-0.223,0.159
108855,1755608272265,74.07,-53.53,-15.48,791,777,808,411,877,33.333333333333336,-0.965,-0.225,0.157
108876,1755608272285,74.07,-53.61,-15.49,793,770,809,351,857,47.61904761904762,-0.965,-0.228,0.158
108896,1755608272305,74.07,-53.66,-15.5,792,773,802,301,857,50.0,-0.964,-0.229,0.163
108926,1755608272335,74.11,-53.65,-15.5,792,772,825,351,862,33.333333333333336,-0.964,-0.228,0.169
108946,1755608272355,74.13,-53.6,-15.51,793,767,807,333,858,50.0,-0.964,-0.227,0.17
108976,1755608272384,74.21,-53.58,-15.49,792,770,810,381,855,33.333333333333336,-0.966,-0.226,0.166
109006,1755608272414,74.19,-53.6,-15.46,792,774,810,400,854,33.333333333333336,-0.965,-0.224,0.161
109036,1755608272444,74.18,-53.63,-15.51,791,776,812,386,851,33.333333333333336,-0.963,-0.223,0.158
109066,1755608272474,74.14,-53.63,-15.52,790,773,808,342,859,33.333333333333336,-0.965,-0.224,0.158
109086,1755608272494,74.11,-53.65,-15.51,792,769,807,397,857,50.0,-0.966,-0.227,0.158
109106,1755608272514,74.14,-53.67,-15.51,790,771,809,390,856,50.0,-0.966,-0.228,0.16
109135,1755608272544,74.15,-53.68,-15.51,791,772,808,386,858,34.48275862068966,-0.964,-0.226,0.164
109165,1755608272574,74.17,-53.61,-15.52,792,772,806,333,853,33.333333333333336,-0.965,-0.225,0.163
109195,1755608272604,74.22,-53.6,-15.52,789,770,810,327,856,33.333333333333336,-0.964,-0.225,0.158
109225,1755608272634,74.23,-53.67,-15.53,792,770,806,371,855,33.333333333333336,-0.964,-0.225,0.152
109255,1755608272664,74.19,-53.73,-15.55,793,771,807,404,865,33.333333333333336,-0.965,-0.222,0.152
109285,1755608272694,74.18,-53.83,-15.63,790,776,800,375,858,33.333333333333336,-0.964,-0.22,0.157
109305,1755608272714,74.18,-53.82,-15.67,786,778,804,396,854,50.0,-0.965,-0.221,0.163
109335,1755608272743,74.13,-53.81,-15.7,792,772,808,372,855,33.333333333333336,-0.965,-0.225,0.163
109365,1755608272773,74.21,-53.81,-15.72,789,773,803,292,859,33.333333333333336,-0.967,-0.225,0.163
109394,1755608272803,74.1,-53.81,-15.67,787,770,809,338,857,34.48275862068966,-0.965,-0.229,0.163
109424,1755608272833,74.08,-53.75,-15.65,788,776,805,403,853,33.333333333333336,-0.963,-0.235,0.161
109454,1755608272863,74.21,-53.81,-15.65,792,772,802,370,857,33.333333333333336,-0.964,-0.238,0.161
109484,1755608272893,74.33,-53.77,-15.62,790,774,813,343,851,33.333333333333336,-0.965,-0.234,0.166
109514,1755608272923,74.39,-53.69,-15.57,787,788,807,333,858,33.333333333333336,-0.962,-0.232,0.166
109544,1755608272952,74.44,-53.6,-15.56,788,772,808,357,851,33.333333333333336,-0.964,-0.225,0.158
109574,1755608272982,74.47,-53.63,-15.55,792,778,808,422,858,33.333333333333336,-0.966,-0.222,0.153
109594,1755608273002,74.49,-53.66,-15.58,789,777,806,343,850,50.0,-0.963,-0.22,0.148
109624,1755608273032,74.46,-53.75,-15.61,789,772,805,403,856,33.333333333333336,-0.964,-0.222,0.149
109653,1755608273062,74.38,-53.82,-15.58,786,774,812,419,856,34.48275862068966,-0.968,-0.224,0.152
109674,1755608273082,74.33,-53.84,-15.56,791,768,801,354,856,47.61904761904762,-0.965,-0.224,0.153
109694,1755608273102,74.39,-53.91,-15.6,791,773,805,328,856,50.0,-0.963,-0.224,0.156
109724,1755608273132,74.43,-53.95,-15.64,789,774,804,398,849,33.333333333333336,-0.964,-0.225,0.157
109753,1755608273162,74.37,-53.92,-15.63,791,771,810,401,855,34.48275862068966,-0.967,-0.226,0.155
109783,1755608273192,74.35,-53.96,-15.63,791,772,799,343,862,33.333333333333336,-0.965,-0.23,0.154
109813,1755608273222,74.39,-53.95,-15.62,790,765,808,346,856,33.333333333333336,-0.963,-0.229,0.156
109843,1755608273251,74.37,-53.93,-15.64,792,775,808,378,852,33.333333333333336,-0.964,-0.226,0.156
109873,1755608273281,74.41,-53.9,-15.64,792,773,806,402,856,33.333333333333336,-0.967,-0.227,0.156
109902,1755608273311,74.4,-53.96,-15.63,795,777,804,395,856,34.48275862068966,-0.964,-0.229,0.154
109932,1755608273341,74.38,-53.99,-15.63,786,775,810,318,857,33.333333333333336,-0.965,-0.228,0.152
109952,1755608273361,74.33,-54.04,-15.61,787,777,802,413,854,50.0,-0.967,-0.228,0.152
109982,1755608273391,74.35,-54.08,-15.61,791,774,804,358,860,33.333333333333336,-0.965,-0.228,0.155
110002,1755608273411,74.38,-54.11,-15.61,787,772,810,404,854,50.0,-0.965,-0.227,0.156
110022,1755608273431,74.39,-54.13,-15.61,789,767,811,387,857,50.0,-0.966,-0.227,0.156
110052,1755608273461,74.33,-54.14,-15.61,789,772,801,374,856,33.333333333333336,-0.966,-0.226,0.153
110082,1755608273490,74.34,-54.18,-15.6,786,776,804,324,852,33.333333333333336,-0.965,-0.228,0.152
110112,1755608273520,74.33,-54.27,-15.59,791,771,809,344,857,33.333333333333336,-0.965,-0.226,0.152
110142,1755608273550,74.27,-54.31,-15.6,790,773,806,389,855,33.333333333333336,-0.966,-0.225,0.154
110171,1755608273580,74.27,-54.29,-15.59,793,775,806,418,861,34.48275862068966,-0.965,-0.226,0.157
110201,1755608273610,74.26,-54.31,-15.58,793,778,807,388,855,33.333333333333336,-0.965,-0.228,0.157
110231,1755608273640,74.26,-54.29,-15.57,788,774,805,330,857,33.333333333333336,-0.964,-0.23,0.156
110261,1755608273670,74.34,-54.33,-15.57,787,772,806,346,854,33.333333333333336,-0.967,-0.228,0.157
110281,1755608273690,74.06,-54.3,-15.55,789,769,807,361,853,50.0,-0.964,-0.223,0.157
110311,1755608273720,73.99,-54.24,-15.56,788,776,802,350,854,33.333333333333336,-0.963,-0.222,0.155
110341,1755608273749,73.99,-54.28,-15.55,790,774,808,413,856,33.333333333333336,-0.967,-0.224,0.157
110371,1755608273779,74.08,-54.3,-15.57,788,774,802,407,856,33.333333333333336,-0.965,-0.226,0.158
110401,1755608273809,74.13,-54.25,-15.57,793,777,807,352,850,33.333333333333336,-0.965,-0.225,0.157
110430,1755608273839,74.1,-54.26,-15.57,789,773,810,331,854,34.48275862068966,-0.966,-0.225,0.155
110460,1755608273869,74.11,-54.31,-15.58,792,774,811,345,858,33.333333333333336,-0.967,-0.225,0.154
110490,1755608273898,74.07,-54.26,-15.57,792,775,802,415,864,33.333333333333336,-0.965,-0.224,0.154
110520,1755608273928,74.02,-54.27,-15.58,790,773,805,411,857,33.333333333333336,-0.963,-0.228,0.156
110550,1755608273958,74.04,-54.33,-15.57,790,774,808,368,859,33.333333333333336,-0.967,-0.232,0.157
110579,1755608273988,74.08,-54.31,-15.52,789,778,802,342,857,34.48275862068966,-0.965,-0.229,0.157
110599,1755608274008,74.12,-54.29,-15.51,792,772,808,382,856,50.0,-0.962,-0.224,0.157
110629,1755608274038,74.1,-54.28,-15.53,791,772,804,369,857,33.333333333333336,-0.962,-0.218,0.153
110659,1755608274068,74.08,-54.32,-15.58,785,772,808,379,855,33.333333333333336,-0.965,-0.22,0.15
110689,1755608274098,74.06,-54.36,-15.59,790,773,807,411,856,33.333333333333336,-0.965,-0.224,0.151
